834 1035
1979 1327 1030 1462 366 1901 196 1085 750 1561 343 1994 148 73 1310 79 1201 583 1395 1711 852 588 290 32 862 1180 244 1150 671 773 1313 291 122 616 398 496 618 2038 330 1815 997 1985 2018 1837 1763 1293 1927 1433 528 422 1039 500 900 1274 1841 468 704 1599 1820 1673 39 874 747 1354 739 155 1133 1730 1652 219 1297 301 1059 453 1993 724 519 1880 186 975 1280 1790 1095 1569 417 1712 34 477 1077 1912 1346 1026 1874 186 1299 441 258 219 646 14 63 538 1807 828 1622 1015 723 1247 38 695 1476 1831 1419 64 332 1908 290 1273 1022 222 1578 59 1263 33 1967 993 47 1594 1266 996 1124 1468 2006 1321 1718 228 1452 512 1726 477 475 1938 288 946 1577 1087 697 1746 461 1888 1306 1918 1694 1105 2008 150 807 2027 1418 1703 1405 1147 20 1965 78 1616 1338 823 621 456 1821 640 1888 687 889 1320 1964 2006 1285 522 1161 580 1194 615 1301 265 1807 1199 1015 881 1212 13 1212 1493 227 309 1382 1763 1131 1643 1428 1746 941 864 525 1892 1370 1708 562 1140 1319 1513 1847 757 325 1806 278 1860 1022 679 1996 925 1263 1706 755 1238 1674 1174 1091 1472 1071 1487 617 25 1805 2020 591 788 527 1655 915 1115 296 56 17 639 566 1956 1564 1821 1151 1437 1072 1978 638 1573 1715 611 966 1797 1022 1595 1669 1647 345 1589 562 1580 351 1765 1068 450 1293 1161 1099 1109 577 1654 1737 1866 1846 384 1615 1875 444 1325 42 263 1300 1601 533 1811 1356 1694 287 1072 876 1672 1904 1474 1999 483 1684 1674 455 231 299 566 98 976 233 1245 953 1476 177 1161 1746 261 1538 1463 1654 597 259 644 1425 807 1324 213 1975 346 1333 1556 1022 652 542 652 103 1567 345 1709 1557 1851 753 1967 206 291 951 837 359 75 1591 786 178 1333 322 1639 1715 829 317 656 373 1517 178 660 651 1326 1544 207 1145 1236 272 1661 19 469 323 1365 268 790 854 1452 1896 832 759 1509 1098 1862 2030 18 1149 1704 1250 611 1830 1589 104 1003 1122 1621 227 1019 1835 513 375 1447 361 1940 1620 1126 1853 496 494 1233 583 1065 805 1015 819 751 1080 666 1494 1737 120 91 490 1577 247 83 512 1684 866 715 1081 1682 1542 425 947 350 10 817 339 1588 1175 1439 183 950 827 1641 1928 681 1027 287 74 515 1521 1720 1175 1231 1060 1780 1676 878 1769 859 554 643 298 1891 937 1192 672 1274 723 1288 1392 558 487 1491 606 1187 1884 1675 135 1248 1601 1014 1267 187 837 1743 36 1017 1682 1707 438 1253 866 445 91 1623 640 417 527 1427 1195 88 962 954 332 917 186 107 1609 247 1232 1065 1371 1231 936 979 681 982 349 939 1313 2023 518 1532 1979 1191 773 979 975 1549 860 987 329 1280 1937 1354 254 977 670 295 526 1651 1734 789 1368 1380 1021 1183 1913 796 1881 297 1984 1544 2021 779 1231 1242 1283 1132 1475 1374 1778 12 1149 1094 467 972 632 121 1001 2040 1237 1882 150 940 553 1026 19 1601 801 269 1919 1883 881 891 861 732 1905 225 1238 1761 1831 480 2021 495 1269 575 1706 503 1923 694 510 1994 297 1485 221 40 55 228 1194 927 30 1525 1627 247 784 1650 1546 755 1058 1838 1575 314 1027 1207 1852 285 1873 1327 266 834 1842 1417 376 2032 775 648 304 322 687 1441 153 346 495 1497 905 254 1945 228 1222 611 1721 685 857 320 618 210 1096 29 1931 1702 272 1402 941 610 673 1382 1730 1196 1701 613 490 1872 1698 219 1079 768 112 223 1893 1185 1028 1608 1624 187 357 1197 400 1934 1933 784 1469 826 1679 1486 120 28 204 566 1727 840 989 596 635 698 1980 309 835 1465 1362 870 1359 1501 228 264 878 1146 88 1929 782 1052 255 1359 1720 273 1059 1485 1243 460 566 1789 120 1838 166 593 237 1028 1374 105 1522 167 1570 1735 1745 1169 972 1865 748 1322 857 775 1374 675 1641 1228 853 1771 305 1586 1277 892 599 1077 260 551 149 1709 1252 363 356 1385 1590 59 406 1158 826 1704 53 1243 284 1183 1109 21 878 431 1680 214 1329 1739 845 816 692 626 1700 1513 12 1209 1397 403 1885 1071 262 1048 654 1669 1107 1053 356 973 1007 1039 1845 1369 1099 1592 2014 1168 1295 1802 952 2005 776 169 929 1583 895 986 1835 1536
280 576 346
45 220 716
419 468 533
210 691 121
203 743 1502
573 791 1830
638 692 543
89 673 942
776 791 171
671 715 744
612 822 188
599 764 547
261 286 1822
407 484 1915
671 766 617
832 833 1450
382 685 1620
275 381 792
481 716 1599
312 608 704
636 668 1448
171 298 1458
438 508 183
349 500 1068
124 794 1472
61 127 1945
539 708 1851
41 219 1987
330 478 1587
434 829 1594
227 309 296
464 473 209
711 746 667
747 826 771
153 486 1074
90 754 454
573 676 916
556 774 1517
804 810 41
90 280 935
118 351 564
236 603 705
3 241 1119
762 797 1125
86 743 839
389 635 153
70 179 975
191 513 945
797 833 1187
261 335 1995
533 786 691
695 803 461
211 344 1877
528 692 827
301 697 330
362 384 846
47 791 160
613 734 1148
186 744 727
739 758 1940
10 76 1961
152 776 519
178 769 122
696 775 926
261 656 1311
405 758 1443
72 133 50
13 758 1834
478 701 1864
711 718 1885
380 730 1297
608 781 45
609 786 649
375 435 1069
26 564 1245
641 715 1983
618 672 533
126 589 1158
447 626 234
163 521 425
507 825 1075
24 536 1896
129 217 432
306 610 1542
648 693 122
240 690 811
514 534 155
651 801 731
36 502 396
531 544 1607
399 677 1946
743 755 1243
440 531 2029
484 598 666
141 494 247
474 754 820
555 558 921
298 426 1848
115 570 1782
229 422 1251
772 802 917
195 805 316
679 776 1951
671 831 1533
161 652 226
748 789 602
599 781 1856
511 694 537
322 430 226
337 774 2034
348 608 1952
598 796 1878
561 831 1268
830 834 220
442 648 657
432 597 835
382 576 487
580 678 978
99 289 1969
23 141 711
189 679 847
229 613 583
273 705 554
396 566 942
567 759 1700
374 429 993
425 511 956
526 743 28
671 823 392
143 197 480
8 646 1143
148 783 1424
145 610 359
216 741 1612
326 806 1187
26 351 262
129 607 121
262 268 306
811 827 112
508 548 870
118 673 1242
320 795 1987
702 702 1414
448 548 132
501 599 1301
666 821 1297
112 718 1187
9 249 272
560 694 1118
306 496 1028
224 360 205
641 792 641
473 525 45
128 533 129
288 395 1466
32 663 946
237 741 1332
593 826 476
474 632 937
139 566 449
541 658 651
96 107 1591
789 813 1571
294 647 736
57 397 301
303 811 62
145 749 715
383 569 1357
494 495 1447
165 713 1769
83 558 542
510 733 1946
644 688 1901
245 824 1736
230 717 1391
792 817 80
799 811 848
318 399 1402
443 561 79
802 803 1939
393 684 1989
70 144 78
306 414 635
321 701 1560
544 703 777
161 180 1176
550 584 808
317 373 1221
303 333 34
63 196 1862
329 477 1326
798 819 772
689 715 147
523 716 1788
588 701 797
20 405 1864
541 734 1345
558 832 1133
806 817 1099
257 491 211
627 684 1534
276 375 1887
595 784 760
541 703 328
231 692 1909
794 810 1613
487 792 247
17 571 571
499 712 1278
283 521 1731
384 578 418
808 818 940
160 725 1673
570 617 197
253 422 505
179 669 1168
311 718 1493
76 288 1908
395 533 1781
283 443 674
665 697 342
39 483 1919
185 678 363
588 591 1416
732 764 1625
424 736 50
708 726 1710
143 554 1071
157 753 1358
277 299 287
451 781 304
206 714 901
117 373 786
568 603 511
511 641 954
396 547 51
734 750 257
645 766 381
452 670 16
679 707 667
737 828 1322
654 774 94
552 667 1443
180 723 303
394 538 1260
280 547 1401
549 720 1539
231 640 1181
422 583 1242
5 457 1303
653 702 1898
357 733 577
115 753 1945
661 812 1613
11 175 320
784 802 505
787 826 88
547 684 493
229 306 1842
277 570 446
24 668 1849
14 798 1211
204 550 767
190 210 707
818 823 44
525 713 1759
44 367 1631
265 800 33
488 765 503
232 265 4
208 501 1060
601 693 1365
14 595 1728
591 807 1804
237 793 524
392 647 645
302 591 1783
575 765 1478
460 665 96
248 285 91
500 723 1579
613 723 865
574 608 1360
834 834 1123
773 810 2031
10 211 1239
341 695 600
87 236 356
291 337 1968
151 564 759
258 604 1033
17 565 400
354 487 1039
69 544 795
622 747 799
199 329 560
207 649 604
639 721 1374
768 781 1254
587 826 453
146 664 491
293 676 1401
751 783 793
493 755 1138
210 536 1952
497 619 1283
50 79 727
487 782 295
168 431 252
6 347 26
453 657 1636
302 313 1938
818 834 753
625 801 871
190 670 1557
60 550 1074
734 771 1367
451 651 848
37 439 343
343 432 1380
232 325 392
567 774 1683
544 773 290
454 682 1912
492 621 362
670 822 1214
83 623 1087
584 719 1360
419 580 1047
642 736 216
501 790 1112
385 511 407
183 689 643
33 557 658
751 813 242
137 361 1320
484 698 572
357 715 1467
64 827 260
821 828 758
303 808 575
820 820 287
297 459 1720
300 798 1209
25 416 231
757 828 859
616 818 87
314 536 163
605 757 1177
635 743 70
319 544 2022
232 349 434
828 832 16
665 784 525
446 791 461
613 813 796
673 734 481
196 561 1373
93 98 1555
378 833 1204
613 648 824
205 276 305
155 763 1795
518 673 1968
96 497 522
581 671 1973
390 513 1876
380 497 715
613 696 722
226 311 1113
812 831 483
299 736 944
739 776 421
209 448 1723
769 778 1003
375 776 542
230 345 403
677 830 472
311 431 1868
250 469 810
10 478 1184
496 712 438
556 713 1163
258 657 419
272 283 1880
759 824 996
385 464 1356
216 772 1197
633 810 452
17 326 1240
109 502 711
19 305 891
97 352 1076
99 518 1197
473 716 1976
454 798 20
309 669 1640
577 647 521
361 760 1093
284 667 561
622 744 56
494 804 755
36 389 1622
259 531 66
175 215 1220
403 627 121
378 591 1955
704 806 1438
446 585 1415
134 644 1918
821 833 96
176 248 1878
664 807 1610
707 735 873
756 776 720
610 699 1058
541 717 841
3 599 380
484 644 1540
357 654 938
591 806 688
556 688 1515
586 788 225
155 197 1517
571 576 1814
443 524 614
320 770 511
289 762 1714
485 795 154
830 831 2034
648 793 1437
190 630 208
614 709 142
111 490 218
546 661 1262
741 747 1980
466 496 1929
801 821 352
502 827 1828
321 498 76
545 817 51
692 716 547
607 623 1362
371 692 234
736 814 1862
678 742 14
413 606 2025
751 810 336
490 515 1937
302 612 1258
779 781 932
280 785 1802
253 659 1332
177 785 726
447 672 926
67 608 1908
756 779 664
338 722 1961
598 808 253
819 822 1583
68 206 1161
179 727 947
448 816 286
43 545 1633
334 560 2018
472 574 1744
414 759 321
40 322 302
306 648 178
475 684 487
404 435 1822
786 818 330
189 670 1350
607 737 52
676 695 45
295 442 76
190 780 285
576 679 1719
299 668 1334
741 758 952
97 440 1804
586 722 657
533 586 840
540 592 614
313 342 355
74 401 375
801 832 1368
673 755 1553
731 759 165
29 812 276
586 716 946
433 749 819
92 769 20
36 504 933
133 146 644
793 830 1417
662 784 707
492 555 89
69 306 676
155 626 1475
682 720 1821
169 666 96
346 709 1152
540 587 691
44 770 1311
781 818 617
577 628 2007
8 77 1077
316 375 501
398 712 1329
322 396 1164
37 316 759
255 548 1879
23 163 473
47 400 1032
407 768 1350
493 529 896
723 790 238
36 370 366
34 670 2005
350 683 495
76 370 991
67 365 127
743 789 322
198 562 342
414 666 831
408 436 440
604 637 765
468 814 1872
54 249 742
585 718 1651
308 686 1787
679 742 1083
656 662 242
212 711 1068
56 711 1834
309 484 444
507 510 198
717 831 173
51 682 1725
745 777 904
325 387 500
822 828 1010
426 524 386
725 778 1906
366 710 778
59 355 503
315 699 863
474 550 906
29 369 782
483 631 1196
688 735 909
446 689 1931
378 482 1126
759 771 885
310 472 1947
620 824 717
214 561 1563
677 817 444
275 380 1093
587 779 1505
500 703 495
435 470 58
394 407 1532
588 675 1671
648 652 1692
647 669 1255
660 762 994
465 509 117
346 679 916
515 753 162
566 677 589
372 450 293
33 656 948
252 807 55
385 647 222
474 519 1562
42 556 1996
661 756 518
387 504 1841
225 381 1601
317 380 1931
824 834 61
373 592 232
577 760 1657
645 728 1608
383 484 554
156 354 47
792 819 439
160 481 231
317 638 798
406 741 1524
342 432 914
283 658 1486
319 396 1116
646 685 1053
510 577 1573
282 398 795
761 808 1058
267 762 1981
678 679 548
745 832 1484
799 830 807
647 754 555
329 812 1436
763 786 132
794 803 1318
332 545 445
408 527 416
309 526 548
121 712 1717
662 746 1064
821 834 1505
710 795 383
694 791 129
307 620 1740
529 798 1728
468 719 1262
507 680 86
818 821 16
314 469 1717
166 512 213
594 646 1246
138 760 475
710 724 1622
466 635 1904
552 600 1119
655 677 1063
292 776 1825
526 764 1679
66 134 868
33 678 1592
170 197 974
448 654 1764
276 420 1527
432 532 224
165 463 97
612 749 542
127 276 1640
89 811 1923
248 726 932
13 770 985
390 426 30
475 647 358
316 503 1193
615 672 527
182 260 1765
444 556 438
766 778 1340
141 206 182
819 821 1308
260 723 1959
405 416 1539
239 654 1702
810 823 474
434 509 1426
518 586 969
142 386 1745
564 728 341
41 425 1301
267 292 561
611 803 1535
8 342 1834
826 833 756
76 498 178
290 616 407
278 707 1957
347 468 1430
78 198 911
693 713 2003
185 648 723
425 732 1907
187 736 1813
78 727 1262
558 562 1261
229 579 1436
386 700 1154
196 448 384
349 545 1905
706 811 112
388 412 260
617 682 1432
299 741 523
789 791 1589
612 731 396
74 471 1099
242 698 778
700 724 1658
541 643 219
822 834 1913
737 747 673
110 685 1344
247 486 276
201 351 1109
217 234 1692
744 769 1113
413 784 1659
306 562 1436
163 227 1385
106 453 468
397 743 213
643 762 315
3 460 1684
220 375 1990
706 828 1385
325 531 500
396 745 1145
11 456 406
394 772 2016
96 558 1716
752 823 941
752 766 9
386 498 237
614 684 980
407 688 537
4 591 816
173 342 2015
798 820 1553
333 487 753
357 542 1215
652 701 1639
492 824 502
794 823 1328
731 758 1750
535 666 1764
325 473 634
486 580 301
383 730 2014
347 781 1129
657 766 1826
290 509 1729
192 344 741
389 476 1040
492 564 8
688 831 591
403 648 1993
349 667 1236
831 832 654
761 794 237
341 454 56
542 717 1169
646 739 1982
82 141 328
692 832 1306
304 684 394
680 785 707
760 821 411
449 478 307
182 360 74
476 805 568
511 581 1192
97 170 136
33 53 1981
177 814 1141
447 541 2
500 664 1605
198 448 1681
27 240 1684
434 629 70
532 710 212
730 745 1804
460 519 409
126 511 172
367 766 743
364 603 1731
521 646 755
73 109 2033
317 764 2
560 785 309
241 466 1128
429 615 1674
375 702 1851
608 649 1981
155 715 61
743 809 892
670 816 1652
127 235 1512
733 810 1721
507 542 1322
831 834 1993
516 648 1252
324 555 1476
245 681 44
255 780 1344
191 793 29
631 699 1749
517 788 1538
811 824 419
794 822 900
281 307 785
8 625 758
592 661 1205
468 556 430
480 818 877
602 681 1850
540 723 241
609 797 824
137 527 246
258 741 139
86 648 1985
348 446 809
761 776 479
445 554 1713
116 589 98
240 761 1325
770 820 1862
660 830 1815
702 758 145
764 808 1884
162 764 368
330 411 1534
22 729 9
222 528 683
661 758 27
752 809 770
741 830 1034
76 440 1267
61 212 723
530 641 1547
376 719 95
714 744 933
792 808 825
614 824 432
629 676 615
516 551 699
318 558 693
783 784 855
419 812 241
416 678 412
779 793 495
713 765 215
631 675 119
729 814 1861
705 803 1502
541 571 1865
44 295 150
803 812 694
658 788 225
762 777 630
149 739 1002
167 244 708
503 797 1389
440 727 1980
809 832 515
322 482 700
794 796 1963
120 818 84
825 830 46
722 763 1644
324 386 624
439 666 1849
427 752 1586
582 797 638
716 834 608
337 572 869
753 828 457
342 357 1437
187 194 1861
541 662 1436
733 823 275
489 660 942
302 654 59
773 791 523
598 800 1255
557 606 443
171 515 462
784 818 162
812 826 1030
531 724 1223
686 746 552
185 582 658
166 603 938
367 480 1163
205 482 991
279 549 1450
700 757 983
580 755 1628
116 393 273
145 820 1659
330 525 1316
249 675 1120
110 194 873
336 815 398
14 327 1825
675 817 1290
457 584 1690
648 798 172
528 707 117
133 533 1705
563 636 1613
270 641 295
741 823 1551
252 706 990
60 690 1216
343 408 1502
72 265 1964
58 773 835
273 325 57
3 154 385
562 823 1867
300 456 631
374 736 859
279 702 1892
102 483 617
683 739 1749
617 699 329
132 806 1245
626 666 123
617 630 1986
645 826 1573
466 771 54
467 598 1366
27 767 1747
799 804 935
489 519 982
699 827 1913
334 454 1861
744 814 1219
597 639 909
39 66 200
95 575 642
743 748 848
176 235 965
142 295 1525
382 429 1902
291 612 345
293 761 471
766 778 922
797 814 858
758 790 67
746 793 1501
39 582 1020
372 561 1215
291 597 1570
427 792 1001
423 614 221
753 793 1758
769 797 485
300 818 1689
818 834 1585
198 630 1902
55 615 1144
61 133 1334
139 386 1889
827 830 252
59 419 613
355 435 1747
630 681 844
333 508 666
265 806 123
656 763 1686
270 612 1249
79 98 1962
678 694 197
453 764 1831
649 806 1120
546 681 1875
220 232 1317
509 803 1671
185 639 1038
168 699 1088
172 611 46
735 817 109
563 784 1450
679 809 1748
108 119 554
826 833 106
345 556 2004
87 773 865
617 682 1223
16 189 962
814 828 1685
63 258 1811
603 768 1224
256 796 1962
680 716 1171
274 728 699
535 540 1198
248 323 1531
676 706 253
144 472 546
320 546 738
232 586 81
48 122 1135
374 562 1604
13 820 1553
660 698 1427
301 429 1712
476 780 1618
90 733 767
308 543 434
580 626 822
655 815 181
59 623 1307
50 178 1877
350 647 113
643 803 1333
547 821 1818
701 742 404
602 641 1779
421 582 1369
667 740 541
410 605 1844
326 712 353
356 472 426
655 825 896
551 713 1068
129 699 574
215 751 1867
67 600 31
361 680 1436
678 772 1333
427 717 1377
212 246 334
452 767 498
207 389 157
629 791 1007
372 615 1565
11 478 743
44 474 1320
755 793 233
673 739 1062
257 305 1745
58 483 1744
439 776 1023
519 632 566
707 775 79
444 482 1484
63 90 805
380 404 792
216 306 347
543 686 681
77 254 1631
672 815 606
369 393 800