327981871
44985538
240570837
152358086
1069421
135367926
33801917
379129145
36451384
185049253
9869261
502076496
2789555
101206079
79931088
955508
51121408
132297083
111101
31962568
241230310
616323
207543
5986
8587496
11855171
460066792
46518
97544197
9432236
86410299
50663000
104797532
14392787
20546
80884442
18088256
81507765
192244435
77443600
13836
710581
139862529
36148000
78386154
483710156
92544384
297435818
67504727
5661956
3186504
112369942
9388375
468930155
2835435
222487
3554025
798802
60761931
15642908
5162719
15570
171794744
1876112
71192605
3735
13824519
11482806
45265313
10
858701
22872789
449492
25803600
25629417
12522
342365063
143307628
814983
5329809
42167004
70697140
21368187
2690036
1573421
6318776
27947
27244875
283482335
190348698
91450929
307578543
536999
250918
1132654
50142645
15687915
64147
105620656
16014462
158207195
4214214
809281
80217003
154898382
22252315
6488716
36190776
508881414
180568
3440554
997
465892
342323
3962373
154762851
3266365
2130432
264014165
6202474
121929907
6352925
62802598
868180
378411111
37513962
15726336
615296
11233704
46222727
51528654
167965140
272690094
2830776
160915
480232261
178568708
91399675
354614608
13292924
191099932
494306
2615056
615937
3090697
16381698
543324425
29311134
3074288
42464087
362873933
123771768
946394
322855270
38319428
88016522
15347313
473496174
167342515
22539332
211480
94096161
665211
8877402
125440089
51512938
738536810
426844998
939075
229252672
9547005
26774030
29286344
1837753
12197168
800675
464032846
270893066
113658231
1047
77293071
7749654
16704559
12595
1525
142825579
201289706
9904
29502580
14739854
42360654
23271571
25671894
579007876
4798608
256946731
2617221
62520422
82206499
47378995
3995354
139555
75489962
89691505
1765685
5523915
28757749
165843251
274773296
58678765
99969072
63398129
1142353
4379678
314380475
33879092
255136856
71806236
139069
15934117
394505365
184669125
5588763
16262201
39023522
1212494
1443293
5798462
75195
463198221
5052197
5654287
17360004
452505
7822836
56774808
105073
290910903
18134108
80844
200546355
5927665
198113
817308
648300
52897860
6701355
335125
73080
108629252
241093
17632628
35930239
221835376
45156266
142054299
3412159
122118
36252410
13930215
157119728
2459621
134205741
67997773
36921980
447808
533148771
247585820
176877660
11758038
58146382
35890
95612527
28119234
244633426
1290112
49293988
13468855
6597359
1742419
37732088
193364002
77605923
76924794
100273824
42756785
96103293
107624518
297854086
426678
204733757
1816766
2793870
932206
48533006
191315139
239920910
17203883
92703427
56168128
6942854
38432562
70474990
47715456
117616036
552706179
241478276
89101340
144204
1409983
288215566
35365096
21493517
571096194
416911
108788655
20087577
49089175
19575912
9274968
19721428
5222822
186806597
101366546
52237188
26654806
40240116
75841550
4932560
134169907
10756290
3543448
172188207
242951763
2804549
8361
178301572
137766215
2895603
52472063
270024954
7029340
88180233
252820462
30476402
61252045
30203918
1722861
42600188
8566197
228622136
147064578
29838985
87918163
235583460
4169980
13972878
6804624
2142422
34641
44658360
42868221
24531176
5105261
571635
50248323
229654523
26105256
200455551
122867540
200056667
336738524
355117365
39792
156928987
55629707
363130932
2034683
106799217
18379455
25536213
75547888
101597
408129143
13345720
28554528
107246520
166099675
105537193
5978475
16439594
1524899
39555376
76489772
350704429
5047472
70235234
22930528
35660259
131219
513402002
18299645
77948404
14926503
4752
469538085
1755659
124842676
709501
1043030
382217263
1361653
127160060
83204689
10293331
8626
70258723
23007387
15038638
25238653
414
10512765
1302858
472869097
244849970
16192896
932187
583187
61346304
209865159
29279
93934552
685162
1074231
74745981
6324129
3895921
11579649
8523769
125650577
192560747
3073433
6949978
56677203
350082534
3359533
821918
2912119
466777
600000619
101572239
1225071
603764
158095
19774657
6000731
1110627
11989076
1726342
117818388
27594167
59038998
114387206
10311850
253845
178826
35355599
56705420
72981639
58204474
107638
228309951
691145
7819737
100226903
2077503
1850246
303016
385624941
27863334
48839032
2112760
5538807
9375129
30128
7910923
30583
135234470
124111416
57602720
98164280
1412409
4962231
67511
28279173
1544372
60260036
604729
140366278
123612972
340614798
158410437
8624886
139367475
2214555
37017954
1013761
12316317
106874147
94494172
384699661
591140693
84570563
7438754
1650410
10524
171775594
7503908
29581733
3892438
470082726
10833478
119708180
9674903
81770298
281035263
150378661
669608644
110713641
295277170
1367541
44926056
33286922
935093
52224455
16049324
5476236
661710
10577239
30785949
66843747
969280
82951
558103884
40079304
12577413
479141288
163501060
806934
23828857
42372757
802507
119243263
582837037
334807905
4155913
33045
63539924
81753695
291489459
6553560
53579881
236887
345121792
68224193
126504312
154129423
7122358
1045647
301804
8443341
726974
146864028
119170614
34690054
8517980
380053
895587
116862393
104580221
75040942
45518244
73798331
88401616
65467917
211294570
47278872
507878
180496314
147898497
107514027
11184818
78092779
25115861
66272280
13285438
8669127
73470783
38762442
15200
5512809
44
3994220
388182232
194002032
27011175
9470892
7110560
3188899
19154689
1094381
100868359
36229357
89249406
127666944
36568218
208199305
14317
206244385
110041455
47296631
242314373
157984099
68508121
2799887
22107832
7857242
217476278
132158158
64665859
24214
52164126
11509834
20452639
171097550
215654329
34533675
263161097
401985945
200050
242868953
174795620
348255208
58375569
41722083
148269061
25314761
2198891
1777352
52438856
11615628
581565945
22967
161154981
6114854
18233058
45315208
21173528
1444034
35446946
191657174
10697125
89697310
3129
1010186
30056931
714012174
148180
32700999
74468401
1937557
161887418
2613135
89610962
23725656
138472809
724380
28845113
5434
2279464
80017104
56267
64426114
15317274
250910184
78742201
27963612
58647133
42185014
444896064
311560
40619686
9968393
20267138
286582176
29943157
4776557
1667764
234068565
9092611
2898511
52986360
3007308
3006961
6013410
185511535
39715228
116255921
9234262
146446292
161070709
7419046
168656233
788084
1767801
15392425
322863942
270516808
57147049
51057585
3155303
107051008
3792778
9007815
26832866
214003773
8687813
80726409
3242
27468565
106
163035910
6106415
19639746
1120770
8529760
122193
2093486
60692589
2073
18509536
8782635
9854079
27868235
3169296
23869490
117726992
12976658
223790219
18261124
8275654
1569971
34965483
200200684
12592545
263
427675500
112911478
44596943
11485163
2326461
27331615
277184559
55371848
9818432
56236120
94686850
33507759
816942
42351469
108329721
664570206
5273101
89598392
99268908
89567901
10764558
93914504
9466181
11040728
888432
694166963
123235830
388654888
220838912
545503
46
3626940
10300
361194563
72925786
7472842
106831
32393571
413503
312399384
196422094
25431891
68133726
190247916
263753259
2502691
1611700
28680
327025223
42276745
60126861
16384625
106731899
6556529
318776406
472427302
1017295
273996
180205855
217973539
22421748
19533
37069571
5431845
55761837
114037508
207954237
122096733
5324726
105178604
209075680
112260700
185408987
97499741
36245750
1899539
18778410
23285819
38001039
6684992
72689353
151596228
7908571
51278043
3506810
41197834
83043236
83778687
32099669
84700947
10402
2643120
696555
4734225
20320275
5021042
22473623
23188663
143218437
394896646
90926827
13794150
537607
51229549
182241355
207933721
26472
106324216
248158963
535104079
243850359
4661269
40151
81605
153178
299984037
189911205
314611
43338538
515
97734938
617701
6870552
1771094
58887843
176153828
16911
60459256
939666
850
178631964
341368676
191817617
66751748
191246546
3150713
138348877
81664186
358109325
71599135
97610187
11514570
64
30756929
33409064
376250
186093
297194316
133558274
0
362956934
1813411
49158
631832
26875034
24727340
201342962
102759736
3243384
35689410
634795665
219237775
255345702
32385660
269658
48909728
30223017
3664599
287740817
18495862
102420334
20348175
974655
27702481
64118
153366008
9471
403469
90450645
28083
306862
75101874
72763152
526662455
44778205
53621302
329153550
139201894
1882471
794304
12687285
76406325
1119623
15898617
30381709
27591240
1582
1880064
23482206
58712522
313559866
308494
971514
47886437
660595
4176718
36501741
8149196
88663
114821222
19525
2123269
55287759
36784409
4397979
46929793
83185023
174417596
1863351
26389613
22060143
256000220
17617374
55456963
2327439
117811994
22514419
28628648
86872689
282086599
37042401
6648
197692
96674172
1612363
9079759
111126387
7336489
18519435
4921881
165080963
624242
49653393
47373972
403
62826020
12581788
1586192
15369244
345443847
359803783
121590294
20433705
1910013
235732768
12738762
8879251
359342
49749
119992932
93686647
9357620
152989146
1396736
17631716
292021577
47749669
4883678
66169654
30905408
161267689
49542830
17644565
86773768
261140747
36605051
287164125
32905816
38462700
197136354
163792551
13707807
11634898
4342975
21966351
8929124
29068182
